0.004802 0.975882 0.001578 0.210948 -0.056141
0.011499 0.999548 -0.006564 -0.029279 -0.001590
0.057988 0.999551 -0.006540 -0.029173 -0.001806
0.064700 0.999552 -0.006534 -0.029154 -0.001863
0.078014 0.999551 -0.006544 -0.029170 -0.001938
0.091374 0.999551 -0.006562 -0.029184 -0.001962
0.104589 0.999550 -0.006588 -0.029204 -0.001967
0.111279 0.999550 -0.006599 -0.029206 -0.001981
0.124591 0.999550 -0.006603 -0.029188 -0.001985
0.138020 0.999552 -0.006579 -0.029129 -0.001953
0.151228 0.999554 -0.006571 -0.029069 -0.001823
0.164604 0.999557 -0.006559 -0.028978 -0.001684
0.171279 0.999559 -0.006563 -0.028915 -0.001607
0.184533 0.999563 -0.006553 -0.028782 -0.001506
0.197902 0.999567 -0.006556 -0.028645 -0.001489
0.211306 0.999569 -0.006557 -0.028561 -0.001532
0.217918 0.999570 -0.006565 -0.028553 -0.001565
0.231203 0.999568 -0.006567 -0.028610 -0.001628
0.237833 0.999566 -0.006574 -0.028663 -0.001653
0.251218 0.999561 -0.006577 -0.028830 -0.001674
0.264505 0.999555 -0.006605 -0.029050 -0.001681
0.278072 0.999547 -0.006636 -0.029298 -0.001711
0.284449 0.999544 -0.006642 -0.029391 -0.001746
0.297854 0.999539 -0.006654 -0.029581 -0.001830
0.304435 0.999536 -0.006660 -0.029662 -0.001865
0.317800 0.999533 -0.006640 -0.029752 -0.001901
0.331181 0.999534 -0.006631 -0.029751 -0.001893
0.337882 0.999534 -0.006624 -0.029728 -0.001863
0.351185 0.999537 -0.006598 -0.029650 -0.001775
0.364421 0.999540 -0.006545 -0.029570 -0.001618
0.371125 0.999541 -0.006527 -0.029528 -0.001517
0.384398 0.999544 -0.006497 -0.029462 -0.001277
0.391051 0.999545 -0.006507 -0.029439 -0.001136
0.404425 0.999545 -0.006510 -0.029439 -0.000822
0.417707 0.999544 -0.006511 -0.029470 -0.000557
0.424363 0.999544 -0.006494 -0.029489 -0.000439
0.437744 0.999544 -0.006496 -0.029484 -0.000272
0.451105 0.999544 -0.006492 -0.029478 -0.000159
0.457736 0.999544 -0.006469 -0.029487 -0.000138
0.470974 0.999543 -0.006464 -0.029528 -0.000109
0.484371 0.999541 -0.006467 -0.029612 -0.000076
0.491115 0.999539 -0.006479 -0.029660 -0.000054
0.504324 0.999536 -0.006490 -0.029763 -0.000019
0.511086 0.999535 -0.006499 -0.029805 0.000005
0.524530 0.999532 -0.006499 -0.029901 0.000042
0.537786 0.999527 -0.006496 -0.030046 0.000078
0.544349 0.999525 -0.006492 -0.030128 0.000093
0.557614 0.999519 -0.006488 -0.030319 0.000112
0.564331 0.999516 -0.006492 -0.030413 0.000114
0.577652 0.999511 -0.006494 -0.030584 0.000105
0.584364 0.999509 -0.006491 -0.030662 0.000094
0.597550 0.999504 -0.006511 -0.030800 0.000066
0.604229 0.999503 -0.006514 -0.030845 0.000044
0.617545 0.999500 -0.006521 -0.030950 0.000043
0.624265 0.999498 -0.006524 -0.031006 0.000053
0.637507 0.999495 -0.006506 -0.031106 0.000080
0.644287 0.999494 -0.006506 -0.031141 0.000104
0.657582 0.999492 -0.006508 -0.031198 0.000173
0.664275 0.999492 -0.006512 -0.031209 0.000196
0.677487 0.999492 -0.006515 -0.031204 0.000211
0.684163 0.999492 -0.006519 -0.031191 0.000196
0.697478 0.999493 -0.006521 -0.031174 0.000146
0.704227 0.999493 -0.006509 -0.031176 0.000113
0.717650 0.999492 -0.006499 -0.031195 0.000032
0.724265 0.999491 -0.006496 -0.031220 0.000005
0.737432 0.999489 -0.006502 -0.031293 -0.000040
0.744195 0.999488 -0.006507 -0.031321 -0.000070
0.757530 0.999487 -0.006524 -0.031364 -0.000154
0.770819 0.999488 -0.006527 -0.031336 -0.000300
0.777406 0.999488 -0.006530 -0.031320 -0.000393
0.790939 0.999489 -0.006541 -0.031296 -0.000605
0.797417 0.999489 -0.006545 -0.031287 -0.000718
0.804074 0.999489 -0.006547 -0.031280 -0.000840
0.817413 0.999488 -0.006522 -0.031292 -0.001088
0.830763 0.999488 -0.006520 -0.031291 -0.001341
0.837387 0.999488 -0.006509 -0.031299 -0.001471
0.850732 0.999487 -0.006512 -0.031311 -0.001710
0.857691 0.999487 -0.006528 -0.031316 -0.001808
0.870787 0.999486 -0.006578 -0.031329 -0.001994
0.877418 0.999484 -0.006609 -0.031355 -0.002105
0.890773 0.999482 -0.006633 -0.031409 -0.002371
0.897465 0.999480 -0.006640 -0.031437 -0.002529
0.910708 0.999479 -0.006655 -0.031454 -0.002941
0.924031 0.999476 -0.006655 -0.031477 -0.003459
0.930744 0.999475 -0.006664 -0.031486 -0.003748
0.944071 0.999470 -0.006683 -0.031544 -0.004409
0.950704 0.999468 -0.006700 -0.031569 -0.004781
0.963975 0.999461 -0.006725 -0.031628 -0.005647
0.970651 0.999457 -0.006726 -0.031671 -0.006122
0.984042 0.999446 -0.006744 -0.031797 -0.007098
0.990605 0.999441 -0.006744 -0.031871 -0.007577
1.004071 0.999426 -0.006764 -0.032067 -0.008544
1.010677 0.999418 -0.006779 -0.032184 -0.009058
1.023983 0.999401 -0.006821 -0.032401 -0.010069
1.037314 0.999383 -0.006859 -0.032603 -0.011152
1.043911 0.999372 -0.006883 -0.032711 -0.011720
1.050689 0.999361 -0.006909 -0.032826 -0.012375
1.063988 0.999336 -0.006959 -0.033024 -0.013699
1.077276 0.999311 -0.007001 -0.033183 -0.015061
1.084064 0.999297 -0.007012 -0.033263 -0.015814
1.090565 0.999281 -0.007027 -0.033345 -0.016619
1.103906 0.999248 -0.007062 -0.033509 -0.018181
1.117221 0.999210 -0.007127 -0.033710 -0.019781
1.123861 0.999190 -0.007169 -0.033812 -0.020604
1.137157 0.999144 -0.007233 -0.034051 -0.022327
1.143933 0.999117 -0.007268 -0.034234 -0.023227
1.150507 0.999089 -0.007308 -0.034426 -0.024140
1.163967 0.999023 -0.007372 -0.034969 -0.025989
1.177289 0.998952 -0.007410 -0.035595 -0.027795
1.183950 0.998916 -0.007431 -0.035922 -0.028661
1.197204 0.998845 -0.007465 -0.036526 -0.030295
1.203832 0.998813 -0.007491 -0.036774 -0.031060
1.217359 0.998752 -0.007548 -0.037160 -0.032497
1.223945 0.998725 -0.007578 -0.037298 -0.033169
1.237256 0.998675 -0.007653 -0.037493 -0.034413
1.244024 0.998651 -0.007695 -0.037569 -0.035007
1.257185 0.998607 -0.007728 -0.037639 -0.036170
1.263902 0.998584 -0.007746 -0.037655 -0.036759
1.277171 0.998539 -0.007774 -0.037657 -0.037973
1.283792 0.998516 -0.007792 -0.037653 -0.038574
1.297198 0.998466 -0.007843 -0.037618 -0.039864
1.310382 0.998416 -0.007860 -0.037576 -0.041132
1.317124 0.998390 -0.007881 -0.037556 -0.041762
1.330442 0.998340 -0.007904 -0.037505 -0.042983
1.337058 0.998315 -0.007921 -0.037483 -0.043591
1.350456 0.998261 -0.007963 -0.037480 -0.044799
1.357087 0.998234 -0.007987 -0.037487 -0.045390
1.370425 0.998181 -0.008026 -0.037521 -0.046501
1.383738 0.998133 -0.008096 -0.037581 -0.047467
1.390367 0.998109 -0.008118 -0.037627 -0.047914
1.403723 0.998065 -0.008149 -0.037779 -0.048718
1.410377 0.998043 -0.008176 -0.037871 -0.049079
1.423669 0.998002 -0.008199 -0.038077 -0.049758
1.430366 0.997981 -0.008215 -0.038185 -0.050084
1.443633 0.997944 -0.008254 -0.038368 -0.050666
1.450374 0.997927 -0.008270 -0.038481 -0.050924
1.463653 0.997895 -0.008319 -0.038755 -0.051331
1.470493 0.997880 -0.008344 -0.038925 -0.051492
1.483733 0.997853 -0.008407 -0.039320 -0.051705
1.497088 0.997824 -0.008446 -0.039869 -0.051825
1.503728 0.997811 -0.008457 -0.040199 -0.051831
1.517051 0.997785 -0.008449 -0.040913 -0.051770
1.523834 0.997773 -0.008466 -0.041289 -0.051695
1.536987 0.997751 -0.008525 -0.042028 -0.051511
1.543612 0.997741 -0.008555 -0.042402 -0.051407
1.556955 0.997716 -0.008576 -0.043207 -0.051215
1.563589 0.997702 -0.008593 -0.043602 -0.051149
1.576958 0.997668 -0.008611 -0.044466 -0.051056
1.590222 0.997628 -0.008614 -0.045441 -0.050978
1.597037 0.997605 -0.008620 -0.046015 -0.050926
1.610225 0.997555 -0.008666 -0.047224 -0.050781
1.616942 0.997529 -0.008693 -0.047878 -0.050677
1.630255 0.997476 -0.008732 -0.049224 -0.050417
1.636831 0.997451 -0.008758 -0.049900 -0.050247
1.650199 0.997404 -0.008769 -0.051259 -0.049813
1.663505 0.997368 -0.008724 -0.052591 -0.049139
1.670194 0.997358 -0.008704 -0.053203 -0.048681
1.683518 0.997353 -0.008688 -0.054306 -0.047568
1.690134 0.997356 -0.008682 -0.054794 -0.046940
1.703447 0.997368 -0.008682 -0.055670 -0.045627
1.710289 0.997375 -0.008704 -0.056095 -0.044957
1.723451 0.997388 -0.008704 -0.056742 -0.043832
1.730198 0.997395 -0.008693 -0.056973 -0.043384
1.743429 0.997408 -0.008642 -0.057213 -0.042773
1.750170 0.997414 -0.008617 -0.057269 -0.042567
1.763491 0.997419 -0.008554 -0.057381 -0.042314
1.776838 0.997421 -0.008501 -0.057448 -0.042178
1.783466 0.997422 -0.008489 -0.057470 -0.042134
1.790283 0.997423 -0.008478 -0.057482 -0.042093
1.803426 0.997423 -0.008458 -0.057503 -0.042070
1.816793 0.997418 -0.008449 -0.057534 -0.042129
1.823415 0.997414 -0.008444 -0.057555 -0.042198
1.836710 0.997402 -0.008474 -0.057635 -0.042371
1.843390 0.997395 -0.008502 -0.057693 -0.042460
1.856781 0.997373 -0.008536 -0.057886 -0.042704
1.863379 0.997358 -0.008551 -0.058026 -0.042855
1.876766 0.997325 -0.008596 -0.058329 -0.043216
1.883383 0.997304 -0.008608 -0.058519 -0.043434
1.896727 0.997263 -0.008618 -0.058902 -0.043845
1.903406 0.997244 -0.008626 -0.059098 -0.044026
1.916694 0.997210 -0.008662 -0.059437 -0.044329
1.923349 0.997197 -0.008664 -0.059568 -0.044430
1.936642 0.997179 -0.008665 -0.059771 -0.044562
1.943324 0.997173 -0.008669 -0.059855 -0.044591
1.956639 0.997166 -0.008667 -0.059998 -0.044564
1.963310 0.997165 -0.008657 -0.060052 -0.044514
1.976598 0.997167 -0.008663 -0.060160 -0.044316
1.983292 0.997171 -0.008653 -0.060186 -0.044191
1.996581 0.997183 -0.008641 -0.060172 -0.043938
2.003275 0.997189 -0.008628 -0.060162 -0.043814
2.016571 0.997201 -0.008613 -0.060154 -0.043561
2.023242 0.997207 -0.008594 -0.060148 -0.043441
2.036558 0.997217 -0.008556 -0.060125 -0.043242
2.043294 0.997222 -0.008547 -0.060110 -0.043162
2.050056 0.997225 -0.008547 -0.060098 -0.043089
2.063270 0.997231 -0.008549 -0.060081 -0.042988
2.076516 0.997233 -0.008547 -0.060085 -0.042923
2.083212 0.997233 -0.008547 -0.060092 -0.042925
2.096525 0.997231 -0.008517 -0.060079 -0.042994
2.103277 0.997228 -0.008524 -0.060099 -0.043038
2.116504 0.997224 -0.008500 -0.060118 -0.043111
2.123183 0.997222 -0.008494 -0.060130 -0.043123
2.136480 0.997223 -0.008476 -0.060137 -0.043096
2.143221 0.997224 -0.008478 -0.060136 -0.043081
2.156577 0.997227 -0.008480 -0.060118 -0.043047
2.163250 0.997228 -0.008481 -0.060099 -0.043050
2.176486 0.997227 -0.008482 -0.060065 -0.043101
2.183252 0.997227 -0.008465 -0.060050 -0.043132
2.196467 0.997227 -0.008451 -0.060001 -0.043198
2.203184 0.997228 -0.008452 -0.059971 -0.043217
2.216464 0.997230 -0.008446 -0.059928 -0.043230
2.229797 0.997236 -0.008437 -0.059874 -0.043181
2.236436 0.997239 -0.008436 -0.059847 -0.043145
2.249926 0.997246 -0.008424 -0.059786 -0.043072
2.256481 0.997248 -0.008412 -0.059764 -0.043049
2.269785 0.997253 -0.008414 -0.059735 -0.042982
2.283054 0.997256 -0.008415 -0.059712 -0.042936
2.289732 0.997259 -0.008414 -0.059690 -0.042898
2.296447 0.997262 -0.008407 -0.059673 -0.042861
2.309774 0.997267 -0.008392 -0.059646 -0.042786
2.316420 0.997268 -0.008395 -0.059635 -0.042768
2.329792 0.997268 -0.008387 -0.059643 -0.042760
2.343103 0.997267 -0.008369 -0.059630 -0.042816
2.349742 0.997266 -0.008369 -0.059622 -0.042853
2.363013 0.997264 -0.008371 -0.059589 -0.042941
2.369772 0.997263 -0.008374 -0.059578 -0.042975
2.383068 0.997260 -0.008403 -0.059580 -0.043041
2.389760 0.997257 -0.008417 -0.059588 -0.043086
2.403007 0.997252 -0.008435 -0.059599 -0.043184
2.409726 0.997249 -0.008429 -0.059607 -0.043252
2.422979 0.997241 -0.008434 -0.059630 -0.043398
2.429701 0.997238 -0.008420 -0.059643 -0.043463
2.443056 0.997234 -0.008429 -0.059650 -0.043541
2.449679 0.997233 -0.008450 -0.059646 -0.043551
2.463083 0.997233 -0.008447 -0.059646 -0.043559
2.469656 0.997233 -0.008445 -0.059652 -0.043561
2.482975 0.997232 -0.008452 -0.059648 -0.043584
2.489686 0.997232 -0.008454 -0.059639 -0.043601
2.503020 0.997232 -0.008437 -0.059609 -0.043627
2.516376 0.997235 -0.008410 -0.059580 -0.043609
2.522933 0.997237 -0.008400 -0.059562 -0.043585
2.536259 0.997243 -0.008379 -0.059523 -0.043510
2.543033 0.997246 -0.008375 -0.059503 -0.043468
2.556280 0.997250 -0.008382 -0.059491 -0.043394
2.563035 0.997251 -0.008383 -0.059487 -0.043387
2.576357 0.997251 -0.008369 -0.059470 -0.043405
2.582960 0.997251 -0.008357 -0.059472 -0.043407
2.596383 0.997253 -0.008314 -0.059451 -0.043389
2.602981 0.997255 -0.008301 -0.059428 -0.043371
2.616197 0.997262 -0.008292 -0.059375 -0.043301
2.622869 0.997265 -0.008282 -0.059348 -0.043266
2.636281 0.997269 -0.008256 -0.059329 -0.043207
2.642933 0.997270 -0.008258 -0.059324 -0.043183
2.656205 0.997273 -0.008233 -0.059328 -0.043127
2.662925 0.997275 -0.008228 -0.059321 -0.043084
2.676149 0.997279 -0.008241 -0.059304 -0.043019
2.682885 0.997280 -0.008229 -0.059302 -0.042989
2.696171 0.997281 -0.008239 -0.059316 -0.042952
2.702821 0.997279 -0.008252 -0.059341 -0.042947
2.716202 0.997275 -0.008267 -0.059398 -0.042959
2.722797 0.997272 -0.008279 -0.059443 -0.042968
2.736278 0.997267 -0.008281 -0.059535 -0.042967
2.749455 0.997264 -0.008280 -0.059586 -0.042971
2.756158 0.997263 -0.008283 -0.059594 -0.042979
2.769457 0.997263 -0.008293 -0.059592 -0.042971
2.776161 0.997263 -0.008284 -0.059588 -0.042970
2.782841 0.997264 -0.008264 -0.059578 -0.042965
2.796164 0.997266 -0.008238 -0.059565 -0.042952
2.802751 0.997267 -0.008236 -0.059565 -0.042935
2.816112 0.997270 -0.008210 -0.059548 -0.042889
2.829390 0.997276 -0.008216 -0.059522 -0.042784
2.836123 0.997279 -0.008222 -0.059500 -0.042729
2.849388 0.997283 -0.008219 -0.059479 -0.042682
2.856081 0.997283 -0.008214 -0.059482 -0.042678
2.869402 0.997280 -0.008202 -0.059489 -0.042734
2.876150 0.997278 -0.008203 -0.059503 -0.042772
2.889382 0.997272 -0.008193 -0.059542 -0.042846
2.902673 0.997269 -0.008181 -0.059595 -0.042837
2.909378 0.997269 -0.008180 -0.059621 -0.042811
2.922651 0.997272 -0.008184 -0.059618 -0.042747
2.929350 0.997274 -0.008190 -0.059599 -0.042719
2.942634 0.997278 -0.008190 -0.059557 -0.042693
2.949420 0.997278 -0.008195 -0.059548 -0.042691
2.962709 0.997277 -0.008206 -0.059531 -0.042739
2.969320 0.997276 -0.008204 -0.059528 -0.042763
2.982647 0.997275 -0.008207 -0.059532 -0.042791
2.989313 0.997274 -0.008206 -0.059542 -0.042807
3.002615 0.997272 -0.008196 -0.059550 -0.042829
3.015927 0.997270 -0.008203 -0.059560 -0.042859
3.022603 0.997270 -0.008210 -0.059568 -0.042870
3.035949 0.997267 -0.008215 -0.059580 -0.042906
3.042588 0.997265 -0.008224 -0.059584 -0.042938
3.055995 0.997264 -0.008241 -0.059572 -0.042996
3.062556 0.997263 -0.008241 -0.059570 -0.043011
3.075980 0.997263 -0.008251 -0.059566 -0.043023
3.082543 0.997264 -0.008240 -0.059551 -0.043016
3.095878 0.997265 -0.008215 -0.059548 -0.042997
3.102560 0.997266 -0.008217 -0.059542 -0.042992
3.115941 0.997267 -0.008212 -0.059533 -0.042969
3.122534 0.997268 -0.008226 -0.059523 -0.042965
3.135963 0.997269 -0.008218 -0.059511 -0.042962
3.142541 0.997269 -0.008210 -0.059504 -0.042967
3.156007 0.997271 -0.008204 -0.059485 -0.042962
3.162558 0.997271 -0.008213 -0.059476 -0.042962
3.175883 0.997272 -0.008225 -0.059456 -0.042966
3.182574 0.997273 -0.008222 -0.059443 -0.042970
3.195909 0.997274 -0.008213 -0.059419 -0.042982
3.209214 0.997275 -0.008204 -0.059392 -0.042996
3.215947 0.997275 -0.008202 -0.059382 -0.043009
3.229339 0.997271 -0.008213 -0.059399 -0.043058
3.235923 0.997270 -0.008220 -0.059404 -0.043080
3.249287 0.997266 -0.008232 -0.059437 -0.043118
3.255828 0.997265 -0.008228 -0.059450 -0.043137
3.269249 0.997261 -0.008233 -0.059482 -0.043172
3.275871 0.997261 -0.008252 -0.059468 -0.043195
3.289245 0.997260 -0.008256 -0.059457 -0.043230
3.295878 0.997261 -0.008253 -0.059445 -0.043239
3.309250 0.997260 -0.008250 -0.059443 -0.043262
3.315830 0.997259 -0.008263 -0.059446 -0.043266
3.329341 0.997258 -0.008281 -0.059466 -0.043262
3.342408 0.997256 -0.008292 -0.059477 -0.043296
3.349122 0.997255 -0.008294 -0.059470 -0.043328
3.362483 0.997254 -0.008285 -0.059434 -0.043388
3.369150 0.997255 -0.008281 -0.059415 -0.043395
3.382487 0.997260 -0.008268 -0.059355 -0.043365
3.389138 0.997262 -0.008255 -0.059334 -0.043355
3.402441 0.997265 -0.008250 -0.059328 -0.043305
3.409114 0.997266 -0.008247 -0.059326 -0.043276
3.415730 0.997267 -0.008259 -0.059321 -0.043260
3.429017 0.997269 -0.008261 -0.059296 -0.043238
3.442385 0.997272 -0.008240 -0.059263 -0.043234
3.449026 0.997273 -0.008233 -0.059250 -0.043222
3.462364 0.997275 -0.008224 -0.059235 -0.043189
3.468986 0.997276 -0.008220 -0.059238 -0.043166
3.482318 0.997277 -0.008200 -0.059247 -0.043139
3.489081 0.997277 -0.008186 -0.059255 -0.043130
3.502321 0.997278 -0.008173 -0.059233 -0.043151
3.509066 0.997277 -0.008181 -0.059222 -0.043178
3.522443 0.997277 -0.008174 -0.059191 -0.043229
3.528983 0.997277 -0.008181 -0.059189 -0.043224
3.542361 0.997281 -0.008183 -0.059142 -0.043204
3.548964 0.997282 -0.008185 -0.059129 -0.043188
3.562401 0.997285 -0.008155 -0.059100 -0.043156
3.569009 0.997286 -0.008160 -0.059086 -0.043149
3.582321 0.997289 -0.008162 -0.059057 -0.043137
3.588913 0.997289 -0.008162 -0.059053 -0.043141
3.602324 0.997288 -0.008171 -0.059060 -0.043160
3.608991 0.997287 -0.008172 -0.059065 -0.043169
3.622311 0.997285 -0.008185 -0.059094 -0.043170
3.629003 0.997284 -0.008172 -0.059108 -0.043175
3.642381 0.997283 -0.008176 -0.059120 -0.043177
3.648960 0.997283 -0.008175 -0.059118 -0.043182
3.662275 0.997283 -0.008178 -0.059123 -0.043188
3.668920 0.997282 -0.008176 -0.059123 -0.043206
3.682243 0.997282 -0.008166 -0.059103 -0.043224
3.688951 0.997283 -0.008170 -0.059084 -0.043235
3.702307 0.997285 -0.008158 -0.059048 -0.043229
3.715485 0.997286 -0.008146 -0.059033 -0.043225
3.722292 0.997286 -0.008153 -0.059034 -0.043226
3.735597 0.997287 -0.008164 -0.059034 -0.043215
3.742188 0.997287 -0.008157 -0.059033 -0.043210
3.755499 0.997287 -0.008146 -0.059057 -0.043170
3.762298 0.997288 -0.008134 -0.059069 -0.043141
3.775453 0.997290 -0.008126 -0.059079 -0.043077
3.782279 0.997292 -0.008128 -0.059075 -0.043046
3.795443 0.997294 -0.008149 -0.059082 -0.042977
3.808910 0.997295 -0.008143 -0.059091 -0.042938
3.815446 0.997296 -0.008136 -0.059092 -0.042925
3.828824 0.997297 -0.008134 -0.059084 -0.042921
3.835408 0.997297 -0.008132 -0.059085 -0.042907
3.848802 0.997300 -0.008118 -0.059067 -0.042872
3.855498 0.997301 -0.008118 -0.059057 -0.042856
3.869024 0.997303 -0.008119 -0.059063 -0.042807
3.875560 0.997304 -0.008127 -0.059060 -0.042790
3.889034 0.997304 -0.008123 -0.059062 -0.042779
3.895527 0.997304 -0.008118 -0.059062 -0.042779
3.909044 0.997305 -0.008108 -0.059064 -0.042771
3.915536 0.997305 -0.008094 -0.059071 -0.042756
3.928792 0.997306 -0.008088 -0.059089 -0.042713
3.935499 0.997307 -0.008086 -0.059082 -0.042697
3.948764 0.997310 -0.008084 -0.059055 -0.042666
3.955439 0.997310 -0.008082 -0.059049 -0.042661
3.968761 0.997313 -0.008091 -0.059004 -0.042661
3.975340 0.997314 -0.008083 -0.058985 -0.042666
3.988909 0.997318 -0.008069 -0.058954 -0.042626
3.995579 0.997320 -0.008058 -0.058935 -0.042587
4.008814 0.997329 -0.008041 -0.058894 -0.042455
4.022121 0.997337 -0.008035 -0.058854 -0.042314
4.028774 0.997341 -0.008033 -0.058826 -0.042253
4.042190 0.997349 -0.008031 -0.058750 -0.042180
4.048830 0.997352 -0.008032 -0.058707 -0.042167
4.062103 0.997355 -0.008026 -0.058639 -0.042182
4.068834 0.997356 -0.008012 -0.058620 -0.042190
4.075552 0.997357 -0.008009 -0.058608 -0.042189
4.088719 0.997358 -0.008011 -0.058596 -0.042179
4.095525 0.997357 -0.008013 -0.058603 -0.042191
4.108881 0.997355 -0.008015 -0.058625 -0.042207
4.122123 0.997355 -0.008037 -0.058639 -0.042198
4.128859 0.997355 -0.008025 -0.058638 -0.042194
4.135486 0.997355 -0.008018 -0.058636 -0.042192
4.148558 0.997356 -0.008027 -0.058625 -0.042177
4.155402 0.997357 -0.008026 -0.058616 -0.042179
4.168557 0.997360 -0.008009 -0.058580 -0.042164
4.175341 0.997361 -0.007997 -0.058557 -0.042167
4.188555 0.997363 -0.008018 -0.058512 -0.042169
4.201991 0.997367 -0.008031 -0.058448 -0.042167
4.208701 0.997369 -0.008026 -0.058422 -0.042162
4.215334 0.997371 -0.008027 -0.058386 -0.042169
4.228649 0.997371 -0.008027 -0.058363 -0.042190
4.235253 0.997371 -0.008037 -0.058358 -0.042199
4.248495 0.997370 -0.008045 -0.058352 -0.042227
4.255210 0.997369 -0.008050 -0.058353 -0.042261
4.268485 0.997365 -0.008056 -0.058372 -0.042330
4.281829 0.997360 -0.008056 -0.058394 -0.042399
4.288519 0.997359 -0.008047 -0.058403 -0.042421
4.301936 0.997358 -0.008028 -0.058433 -0.042401
4.308465 0.997358 -0.008022 -0.058446 -0.042377
4.321922 0.997359 -0.008035 -0.058458 -0.042335
4.328592 0.997360 -0.008024 -0.058464 -0.042312
4.341876 0.997361 -0.008026 -0.058447 -0.042308
4.348482 0.997361 -0.008033 -0.058428 -0.042330
4.361970 0.997362 -0.008000 -0.058400 -0.042358
4.368598 0.997363 -0.007998 -0.058390 -0.042360
4.381863 0.997367 -0.007977 -0.058343 -0.042317
4.388436 0.997370 -0.007965 -0.058324 -0.042286
4.401791 0.997376 -0.007947 -0.058272 -0.042226
4.408448 0.997378 -0.007940 -0.058240 -0.042206
4.421776 0.997382 -0.007910 -0.058220 -0.042161
4.428626 0.997383 -0.007903 -0.058207 -0.042159
4.441800 0.997384 -0.007881 -0.058199 -0.042150
4.455219 0.997385 -0.007872 -0.058189 -0.042126
4.461821 0.997386 -0.007879 -0.058187 -0.042103
4.475215 0.997387 -0.007877 -0.058200 -0.042076
4.481856 0.997386 -0.007872 -0.058215 -0.042070
4.495471 0.997385 -0.007867 -0.058235 -0.042072
4.502056 0.997384 -0.007866 -0.058259 -0.042062
4.515412 0.997383 -0.007867 -0.058287 -0.042051
4.521915 0.997382 -0.007860 -0.058303 -0.042060
4.528848 0.997381 -0.007855 -0.058308 -0.042069
4.542018 0.997381 -0.007853 -0.058311 -0.042068
4.548700 0.997380 -0.007858 -0.058317 -0.042070
4.561694 0.997379 -0.007876 -0.058312 -0.042096
4.575204 0.997375 -0.007879 -0.058345 -0.042145
4.581837 0.997373 -0.007881 -0.058372 -0.042167
4.595132 0.997369 -0.007894 -0.058415 -0.042195
4.601689 0.997368 -0.007899 -0.058424 -0.042198
4.615026 0.997369 -0.007901 -0.058420 -0.042192
4.621661 0.997369 -0.007913 -0.058417 -0.042187
4.634976 0.997369 -0.007935 -0.058421 -0.042190
4.641607 0.997369 -0.007939 -0.058410 -0.042198
4.648380 0.997370 -0.007924 -0.058396 -0.042199
4.661582 0.997371 -0.007940 -0.058366 -0.042212
4.668353 0.997371 -0.007931 -0.058357 -0.042220
4.681597 0.997373 -0.007943 -0.058332 -0.042206
4.688520 0.997373 -0.007952 -0.058337 -0.042204
4.701891 0.997372 -0.007945 -0.058348 -0.042196
4.708433 0.997372 -0.007949 -0.058359 -0.042194
4.721575 0.997372 -0.007969 -0.058352 -0.042198
4.734886 0.997372 -0.007961 -0.058349 -0.042208
4.741535 0.997372 -0.007952 -0.058348 -0.042208
4.754918 0.997373 -0.007921 -0.058343 -0.042205
4.761586 0.997373 -0.007911 -0.058336 -0.042200
4.774984 0.997373 -0.007906 -0.058337 -0.042202
4.781619 0.997374 -0.007900 -0.058331 -0.042202
4.795048 0.997375 -0.007922 -0.058322 -0.042187
4.801572 0.997376 -0.007930 -0.058306 -0.042178
4.815034 0.997378 -0.007932 -0.058277 -0.042172
4.821754 0.997378 -0.007938 -0.058274 -0.042174
4.834976 0.997376 -0.007949 -0.058308 -0.042173
4.841500 0.997375 -0.007950 -0.058312 -0.042180
4.854859 0.997375 -0.007928 -0.058302 -0.042196
4.861493 0.997376 -0.007926 -0.058293 -0.042202
4.874919 0.997379 -0.007956 -0.058254 -0.042179
4.881466 0.997380 -0.007971 -0.058238 -0.042172
4.894877 0.997381 -0.007993 -0.058216 -0.042160
4.901445 0.997380 -0.007988 -0.058218 -0.042180
4.914821 0.997376 -0.007991 -0.058227 -0.042274
4.921458 0.997373 -0.008001 -0.058228 -0.042340
4.934952 0.997367 -0.008014 -0.058244 -0.042457
4.941502 0.997364 -0.008011 -0.058254 -0.042503
4.948306 0.997363 -0.008005 -0.058263 -0.042533
4.961598 0.997362 -0.008025 -0.058276 -0.042522
4.968243 0.997363 -0.008029 -0.058285 -0.042497
4.981571 0.997364 -0.008027 -0.058287 -0.042463
4.988269 0.997364 -0.008026 -0.058285 -0.042462
5.001487 0.997364 -0.008034 -0.058269 -0.042496
5.008261 0.997363 -0.008022 -0.058262 -0.042515
5.021629 0.997363 -0.008020 -0.058247 -0.042545
5.028323 0.997363 -0.008011 -0.058237 -0.042548
5.035027 0.997364 -0.007996 -0.058235 -0.042532
5.048287 0.997366 -0.007974 -0.058246 -0.042494
5.054984 0.997367 -0.007978 -0.058247 -0.042460
5.068399 0.997370 -0.007963 -0.058249 -0.042392
5.074874 0.997371 -0.007956 -0.058253 -0.042369
5.088217 0.997370 -0.007934 -0.058278 -0.042343
5.094893 0.997371 -0.007929 -0.058278 -0.042329
5.101426 0.997373 -0.007918 -0.058272 -0.042297
5.114914 0.997376 -0.007925 -0.058247 -0.042249
5.121445 0.997378 -0.007928 -0.058241 -0.042227
5.135077 0.997380 -0.007933 -0.058230 -0.042185
5.141618 0.997381 -0.007934 -0.058222 -0.042172
5.148223 0.997381 -0.007937 -0.058221 -0.042164
5.161545 0.997381 -0.007958 -0.058233 -0.042160
5.168103 0.997379 -0.007968 -0.058247 -0.042168
5.181391 0.997377 -0.007965 -0.058301 -0.042142
5.188114 0.997376 -0.007955 -0.058323 -0.042136
5.201463 0.997375 -0.007947 -0.058341 -0.042145
5.208264 0.997375 -0.007947 -0.058349 -0.042139
5.221335 0.997376 -0.007966 -0.058337 -0.042133
5.234605 0.997377 -0.007982 -0.058321 -0.042122
5.241349 0.997377 -0.007981 -0.058320 -0.042122
5.254637 0.997376 -0.007990 -0.058324 -0.042137
5.261330 0.997375 -0.007985 -0.058335 -0.042138
5.274684 0.997375 -0.007982 -0.058332 -0.042149
5.281469 0.997375 -0.007989 -0.058323 -0.042163
5.294597 0.997374 -0.008005 -0.058326 -0.042180
5.301460 0.997373 -0.008010 -0.058337 -0.042178
5.314767 0.997374 -0.008018 -0.058333 -0.042176
5.321432 0.997374 -0.008026 -0.058328 -0.042177
5.334640 0.997375 -0.008020 -0.058325 -0.042157
5.348190 0.997377 -0.008026 -0.058311 -0.042132
5.354859 0.997378 -0.008049 -0.058302 -0.042104
5.368356 0.997382 -0.008037 -0.058286 -0.042048
5.374821 0.997383 -0.008039 -0.058286 -0.042019
5.388103 0.997383 -0.008040 -0.058288 -0.042004
5.394730 0.997383 -0.008033 -0.058287 -0.042011
5.401571 0.997383 -0.008028 -0.058289 -0.042017
5.414735 0.997382 -0.008017 -0.058297 -0.042026
5.421403 0.997382 -0.008003 -0.058306 -0.042021
5.434763 0.997382 -0.007985 -0.058319 -0.041993
5.448175 0.997383 -0.007980 -0.058325 -0.041982
5.454882 0.997382 -0.007993 -0.058324 -0.041983
5.461500 0.997381 -0.008001 -0.058340 -0.041988
5.474499 0.997380 -0.007999 -0.058346 -0.042014
5.487989 0.997380 -0.008009 -0.058323 -0.042030
5.494796 0.997381 -0.008013 -0.058315 -0.042035
5.501396 0.997382 -0.008024 -0.058309 -0.042016
5.514563 0.997384 -0.008018 -0.058298 -0.041981
5.521520 0.997386 -0.008018 -0.058294 -0.041937
5.534531 0.997388 -0.008027 -0.058288 -0.041887
5.547772 0.997388 -0.008054 -0.058282 -0.041890
5.554423 0.997387 -0.008053 -0.058291 -0.041909
5.567784 0.997385 -0.008062 -0.058293 -0.041961
5.574419 0.997383 -0.008053 -0.058300 -0.041990
5.587776 0.997381 -0.008060 -0.058315 -0.042018
5.594397 0.997380 -0.008055 -0.058334 -0.042022
5.607774 0.997379 -0.008070 -0.058364 -0.041990
5.614397 0.997378 -0.008087 -0.058391 -0.041969
5.621110 0.997377 -0.008089 -0.058404 -0.041977
5.634477 0.997376 -0.008103 -0.058414 -0.041993
5.641332 0.997375 -0.008086 -0.058399 -0.042033
5.654593 0.997376 -0.008079 -0.058362 -0.042066
5.661343 0.997378 -0.008066 -0.058330 -0.042079
5.674450 0.997379 -0.008065 -0.058301 -0.042075
5.681164 0.997381 -0.008069 -0.058285 -0.042060
5.694565 0.997384 -0.008071 -0.058259 -0.042034
5.701164 0.997385 -0.008062 -0.058246 -0.042011
5.707771 0.997387 -0.008054 -0.058235 -0.041991
5.721057 0.997389 -0.008042 -0.058220 -0.041974
5.727823 0.997389 -0.008046 -0.058205 -0.041977
5.741138 0.997392 -0.008041 -0.058190 -0.041946
5.747678 0.997391 -0.008036 -0.058193 -0.041944
5.761148 0.997392 -0.008035 -0.058186 -0.041948
5.767810 0.997391 -0.008045 -0.058187 -0.041969
5.781036 0.997392 -0.008030 -0.058152 -0.041990
5.787793 0.997392 -0.008038 -0.058134 -0.042006
5.801095 0.997393 -0.008042 -0.058114 -0.042026
5.807661 0.997393 -0.008036 -0.058105 -0.042036
5.821301 0.997393 -0.008024 -0.058088 -0.042051
5.827831 0.997393 -0.008034 -0.058087 -0.042062
5.834553 0.997392 -0.008054 -0.058078 -0.042081
5.847684 0.997389 -0.008059 -0.058092 -0.042134
5.854330 0.997387 -0.008045 -0.058095 -0.042177
5.867597 0.997384 -0.008043 -0.058095 -0.042265
5.874438 0.997382 -0.008028 -0.058098 -0.042307
5.887633 0.997378 -0.008039 -0.058090 -0.042397
5.894343 0.997378 -0.008045 -0.058085 -0.042414
5.907650 0.997378 -0.008059 -0.058072 -0.042419
5.914352 0.997379 -0.008066 -0.058051 -0.042426
5.921061 0.997381 -0.008055 -0.058033 -0.042413
5.934489 0.997383 -0.008069 -0.057982 -0.042427
5.941156 0.997385 -0.008082 -0.057946 -0.042432
5.954445 0.997389 -0.008069 -0.057868 -0.042437
5.961121 0.997391 -0.008077 -0.057832 -0.042441
5.974537 0.997394 -0.008086 -0.057782 -0.042442
5.981289 0.997394 -0.008082 -0.057776 -0.042443
5.994489 0.997395 -0.008079 -0.057765 -0.042434
6.001070 0.997395 -0.008081 -0.057772 -0.042431
6.014463 0.997396 -0.008090 -0.057766 -0.042419
6.021097 0.997396 -0.008096 -0.057759 -0.042416
6.034133 0.997397 -0.008102 -0.057768 -0.042390
6.040799 0.997397 -0.008087 -0.057778 -0.042379
6.054272 0.997395 -0.008081 -0.057803 -0.042381
6.060996 0.997395 -0.008080 -0.057811 -0.042383
6.074305 0.997395 -0.008076 -0.057818 -0.042365
6.080959 0.997396 -0.008080 -0.057818 -0.042353
6.094244 0.997399 -0.008077 -0.057780 -0.042324
6.100771 0.997401 -0.008080 -0.057755 -0.042305
6.114128 0.997404 -0.008078 -0.057725 -0.042275
6.120757 0.997406 -0.008075 -0.057712 -0.042265
6.134136 0.997406 -0.008056 -0.057707 -0.042276
6.147558 0.997404 -0.008051 -0.057726 -0.042297
6.154311 0.997404 -0.008053 -0.057726 -0.042298
6.167541 0.997406 -0.008042 -0.057713 -0.042260
6.174146 0.997408 -0.008033 -0.057700 -0.042226
6.180855 0.997410 -0.008029 -0.057677 -0.042212
6.194175 0.997417 -0.008049 -0.057611 -0.042146
6.200844 0.997418 -0.008059 -0.057594 -0.042131
6.214314 0.997419 -0.008048 -0.057561 -0.042162
6.220957 0.997418 -0.008048 -0.057561 -0.042187
6.234192 0.997414 -0.008046 -0.057588 -0.042250
6.240864 0.997412 -0.008039 -0.057608 -0.042265
6.254323 0.997410 -0.008033 -0.057629 -0.042281
6.260940 0.997410 -0.008047 -0.057635 -0.042277
6.274100 0.997410 -0.008057 -0.057636 -0.042277
6.280776 0.997410 -0.008054 -0.057638 -0.042270
6.294109 0.997410 -0.008038 -0.057629 -0.042279
6.300682 0.997411 -0.008035 -0.057608 -0.042274
6.314086 0.997416 -0.008015 -0.057549 -0.042258
6.320686 0.997420 -0.008004 -0.057496 -0.042240
6.334056 0.997430 -0.008006 -0.057357 -0.042195
6.340706 0.997434 -0.007990 -0.057295 -0.042172
6.353999 0.997442 -0.007977 -0.057178 -0.042152
6.360626 0.997446 -0.007976 -0.057121 -0.042131
6.374029 0.997455 -0.007981 -0.056991 -0.042100
6.380651 0.997459 -0.007978 -0.056926 -0.042077
6.394122 0.997472 -0.007957 -0.056750 -0.042029
6.400794 0.997478 -0.007942 -0.056649 -0.042006
6.414156 0.997493 -0.007932 -0.056425 -0.041953
6.420780 0.997501 -0.007928 -0.056310 -0.041925
6.434207 0.997517 -0.007906 -0.056065 -0.041877
6.440749 0.997524 -0.007908 -0.055957 -0.041863
6.454371 0.997535 -0.007884 -0.055779 -0.041841
6.460667 0.997539 -0.007882 -0.055727 -0.041824
6.474134 0.997544 -0.007888 -0.055665 -0.041786
6.480702 0.997545 -0.007883 -0.055647 -0.041773
6.493972 0.997548 -0.007862 -0.055638 -0.041732
6.500535 0.997548 -0.007866 -0.055645 -0.041709
6.513973 0.997547 -0.007861 -0.055651 -0.041729
6.520535 0.997545 -0.007859 -0.055665 -0.041745
6.533923 0.997544 -0.007845 -0.055658 -0.041804
6.540532 0.997542 -0.007841 -0.055650 -0.041842
6.553933 0.997540 -0.007826 -0.055621 -0.041938
6.560512 0.997539 -0.007829 -0.055609 -0.041984
6.573920 0.997536 -0.007833 -0.055602 -0.042049
6.580542 0.997536 -0.007842 -0.055594 -0.042066
6.594073 0.997535 -0.007860 -0.055605 -0.042066
6.600594 0.997536 -0.007871 -0.055600 -0.042064
6.614039 0.997535 -0.007886 -0.055616 -0.042060
6.620668 0.997535 -0.007876 -0.055616 -0.042057
6.634059 0.997535 -0.007883 -0.055615 -0.042067
6.640722 0.997535 -0.007888 -0.055610 -0.042071
6.647484 0.997536 -0.007885 -0.055596 -0.042062
6.660639 0.997539 -0.007888 -0.055548 -0.042048
6.667287 0.997541 -0.007883 -0.055539 -0.042024
6.680610 0.997544 -0.007885 -0.055528 -0.041948
6.687419 0.997546 -0.007899 -0.055531 -0.041903
6.700625 0.997550 -0.007930 -0.055527 -0.041807
6.713927 0.997552 -0.007924 -0.055517 -0.041782
6.720541 0.997551 -0.007926 -0.055508 -0.041805
6.733894 0.997549 -0.007927 -0.055484 -0.041890
6.740580 0.997548 -0.007930 -0.055462 -0.041942
6.747280 0.997547 -0.007938 -0.055438 -0.041998
6.760573 0.997546 -0.007941 -0.055394 -0.042068
6.767254 0.997546 -0.007952 -0.055374 -0.042099
6.780543 0.997547 -0.007966 -0.055337 -0.042115
6.787190 0.997548 -0.007968 -0.055318 -0.042117
6.800540 0.997552 -0.007957 -0.055259 -0.042119
6.807203 0.997553 -0.007944 -0.055229 -0.042121
6.820658 0.997558 -0.007926 -0.055149 -0.042107
6.827309 0.997560 -0.007927 -0.055118 -0.042100
6.840436 0.997565 -0.007928 -0.055062 -0.042075
6.847173 0.997566 -0.007922 -0.055041 -0.042064
6.860415 0.997568 -0.007930 -0.055021 -0.042048
6.867178 0.997568 -0.007942 -0.055008 -0.042054
6.880460 0.997568 -0.007934 -0.054973 -0.042100
6.887394 0.997568 -0.007910 -0.054950 -0.042136
6.900504 0.997568 -0.007912 -0.054904 -0.042206
6.907080 0.997569 -0.007906 -0.054890 -0.042209
6.913898 0.997569 -0.007912 -0.054884 -0.042216
6.927015 0.997569 -0.007939 -0.054878 -0.042203
6.933694 0.997568 -0.007957 -0.054890 -0.042216
6.947211 0.997564 -0.007967 -0.054920 -0.042264
6.953812 0.997562 -0.007974 -0.054940 -0.042287
6.967155 0.997558 -0.007991 -0.054962 -0.042354
6.973796 0.997556 -0.007994 -0.054971 -0.042391
6.987155 0.997552 -0.007989 -0.054980 -0.042467
6.993771 0.997551 -0.007997 -0.054979 -0.042487
7.007135 0.997552 -0.008014 -0.054964 -0.042479
7.013848 0.997555 -0.008019 -0.054941 -0.042444
7.027069 0.997559 -0.008021 -0.054923 -0.042381
7.033647 0.997560 -0.008028 -0.054924 -0.042333
7.046978 0.997564 -0.008040 -0.054900 -0.042274
7.053598 0.997565 -0.008039 -0.054889 -0.042280
7.067086 0.997565 -0.008037 -0.054868 -0.042304
7.073652 0.997565 -0.008032 -0.054864 -0.042313
7.087016 0.997566 -0.008027 -0.054841 -0.042305
7.093567 0.997567 -0.008025 -0.054833 -0.042290
7.107000 0.997569 -0.008015 -0.054821 -0.042270
7.113710 0.997569 -0.008022 -0.054825 -0.042249
7.127102 0.997571 -0.008037 -0.054838 -0.042198
7.133626 0.997570 -0.008036 -0.054855 -0.042192
7.147240 0.997568 -0.008021 -0.054880 -0.042214
7.153816 0.997567 -0.008019 -0.054891 -0.042226
7.167174 0.997566 -0.008007 -0.054902 -0.042233
7.173615 0.997566 -0.008003 -0.054906 -0.042236
7.187041 0.997564 -0.007999 -0.054925 -0.042258
7.193669 0.997563 -0.008001 -0.054932 -0.042256
7.207077 0.997563 -0.008005 -0.054932 -0.042264
7.213912 0.997561 -0.007996 -0.054954 -0.042275
7.220420 0.997560 -0.007994 -0.054979 -0.042281
7.233629 0.997557 -0.007980 -0.055006 -0.042314
7.240420 0.997557 -0.007983 -0.055013 -0.042318
7.253565 0.997556 -0.007960 -0.055043 -0.042302
7.260256 0.997556 -0.007964 -0.055049 -0.042294
7.273565 0.997557 -0.007985 -0.055043 -0.042273
7.280379 0.997557 -0.007997 -0.055051 -0.042257
7.293575 0.997557 -0.007994 -0.055045 -0.042270
7.300313 0.997556 -0.008003 -0.055050 -0.042281
7.313581 0.997554 -0.008002 -0.055049 -0.042336
7.320195 0.997553 -0.008006 -0.055050 -0.042360
7.333452 0.997552 -0.007997 -0.055048 -0.042375
7.340132 0.997552 -0.007999 -0.055048 -0.042384
7.353458 0.997550 -0.008020 -0.055065 -0.042392
7.360150 0.997549 -0.008021 -0.055082 -0.042410
7.373612 0.997543 -0.008024 -0.055143 -0.042468
7.380295 0.997540 -0.008027 -0.055166 -0.042503
7.387064 0.997537 -0.008026 -0.055187 -0.042548
7.400141 0.997533 -0.008014 -0.055196 -0.042615
7.413387 0.997532 -0.008007 -0.055188 -0.042654
7.420176 0.997533 -0.008018 -0.055180 -0.042649
7.426926 0.997533 -0.008024 -0.055169 -0.042652
7.440272 0.997533 -0.008036 -0.055155 -0.042670
7.446840 0.997533 -0.008039 -0.055152 -0.042681
7.460196 0.997530 -0.008043 -0.055162 -0.042731
7.466936 0.997529 -0.008038 -0.055161 -0.042772
7.480170 0.997524 -0.008030 -0.055189 -0.042843
7.486865 0.997523 -0.008014 -0.055201 -0.042861
7.500134 0.997520 -0.008009 -0.055236 -0.042887
7.506716 0.997519 -0.008015 -0.055239 -0.042906
7.520188 0.997516 -0.008026 -0.055242 -0.042958
7.526808 0.997514 -0.008034 -0.055247 -0.043001
7.540149 0.997510 -0.008051 -0.055244 -0.043096
7.546778 0.997508 -0.008048 -0.055252 -0.043129
7.560355 0.997506 -0.008013 -0.055262 -0.043167
7.566862 0.997505 -0.008007 -0.055283 -0.043162
7.580258 0.997506 -0.008011 -0.055312 -0.043117
7.586765 0.997505 -0.008007 -0.055341 -0.043104
7.600259 0.997503 -0.008032 -0.055374 -0.043098
7.606719 0.997502 -0.008039 -0.055382 -0.043109
7.619980 0.997500 -0.008033 -0.055384 -0.043147
7.626702 0.997500 -0.008035 -0.055373 -0.043160
7.639999 0.997500 -0.008037 -0.055373 -0.043157
7.646655 0.997499 -0.008037 -0.055387 -0.043156
7.659991 0.997498 -0.008056 -0.055409 -0.043160
7.666648 0.997497 -0.008055 -0.055425 -0.043164
7.679953 0.997495 -0.008054 -0.055465 -0.043168
7.686603 0.997494 -0.008055 -0.055465 -0.043175
7.699990 0.997494 -0.008045 -0.055481 -0.043160
7.706589 0.997494 -0.008031 -0.055490 -0.043145
7.719923 0.997497 -0.008029 -0.055501 -0.043075
7.726609 0.997498 -0.008027 -0.055499 -0.043052
7.740032 0.997500 -0.008022 -0.055481 -0.043021
7.746569 0.997501 -0.008017 -0.055470 -0.043028
7.759954 0.997503 -0.008007 -0.055449 -0.043002
7.766535 0.997506 -0.007997 -0.055422 -0.042978
7.779947 0.997512 -0.007989 -0.055360 -0.042904
7.786531 0.997516 -0.007985 -0.055335 -0.042861
7.799971 0.997521 -0.008009 -0.055316 -0.042758
7.806548 0.997522 -0.008014 -0.055316 -0.042727
7.819969 0.997520 -0.008003 -0.055331 -0.042748
7.826848 0.997518 -0.007995 -0.055346 -0.042789
7.840035 0.997512 -0.007990 -0.055383 -0.042878
7.846597 0.997510 -0.007990 -0.055394 -0.042905
7.859989 0.997507 -0.007959 -0.055434 -0.042940
7.866496 0.997507 -0.007968 -0.055442 -0.042932
7.879974 0.997506 -0.007988 -0.055456 -0.042930
7.886565 0.997505 -0.007977 -0.055457 -0.042941
7.900174 0.997506 -0.007992 -0.055443 -0.042941
7.906603 0.997506 -0.007987 -0.055436 -0.042942
7.920156 0.997507 -0.007963 -0.055431 -0.042943
7.926574 0.997508 -0.007959 -0.055428 -0.042930
7.939966 0.997508 -0.007974 -0.055438 -0.042906
7.946551 0.997508 -0.007986 -0.055429 -0.042906
7.959966 0.997508 -0.007985 -0.055418 -0.042924
7.966555 0.997508 -0.007980 -0.055417 -0.042937
7.979821 0.997506 -0.007977 -0.055408 -0.042980
7.986429 0.997505 -0.007964 -0.055414 -0.043003
7.999746 0.997506 -0.007950 -0.055413 -0.042994
8.006434 0.997505 -0.007964 -0.055426 -0.042993
8.019919 0.997504 -0.007983 -0.055441 -0.042982
8.026573 0.997503 -0.007996 -0.055448 -0.042992
8.033292 0.997502 -0.007983 -0.055462 -0.043003
8.046545 0.997501 -0.007971 -0.055469 -0.043018
8.053490 0.997503 -0.007959 -0.055454 -0.043005
8.066670 0.997507 -0.007931 -0.055420 -0.042964
8.079954 0.997512 -0.007921 -0.055388 -0.042884
8.086724 0.997514 -0.007927 -0.055378 -0.042848
8.099705 0.997516 -0.007921 -0.055388 -0.042802
8.106377 0.997516 -0.007911 -0.055387 -0.042800
8.113058 0.997515 -0.007915 -0.055393 -0.042820
8.126411 0.997510 -0.007928 -0.055410 -0.042911
8.133188 0.997509 -0.007942 -0.055399 -0.042943
8.146407 0.997509 -0.007930 -0.055363 -0.042995
8.153101 0.997509 -0.007930 -0.055362 -0.042988
8.166402 0.997511 -0.007948 -0.055356 -0.042954
8.173054 0.997510 -0.007941 -0.055376 -0.042939
8.186461 0.997509 -0.007950 -0.055405 -0.042919
8.193010 0.997509 -0.007940 -0.055418 -0.042919
8.206563 0.997509 -0.007929 -0.055404 -0.042923
8.213121 0.997511 -0.007923 -0.055392 -0.042904
8.226416 0.997516 -0.007907 -0.055360 -0.042824
8.233087 0.997520 -0.007912 -0.055345 -0.042767
8.246415 0.997524 -0.007916 -0.055348 -0.042659
8.253007 0.997526 -0.007914 -0.055348 -0.042623
8.266518 0.997525 -0.007918 -0.055360 -0.042608
8.273160 0.997524 -0.007921 -0.055379 -0.042611
8.286676 0.997522 -0.007895 -0.055415 -0.042612
8.293168 0.997522 -0.007891 -0.055446 -0.042590
8.306437 0.997519 -0.007915 -0.055536 -0.042533
8.313196 0.997516 -0.007916 -0.055605 -0.042516
8.320021 0.997512 -0.007937 -0.055686 -0.042489
8.333173 0.997503 -0.007955 -0.055805 -0.042540
8.339856 0.997499 -0.007964 -0.055824 -0.042606
8.353281 0.997492 -0.007961 -0.055822 -0.042772
8.359820 0.997490 -0.007961 -0.055804 -0.042850
8.372950 0.997488 -0.007942 -0.055748 -0.042966
8.379654 0.997489 -0.007933 -0.055729 -0.042985
8.393150 0.997492 -0.007925 -0.055703 -0.042949
8.399676 0.997494 -0.007920 -0.055689 -0.042916
8.406443 0.997496 -0.007911 -0.055684 -0.042881
8.419700 0.997499 -0.007927 -0.055685 -0.042802
8.432936 0.997501 -0.007924 -0.055700 -0.042740
8.439549 0.997502 -0.007916 -0.055700 -0.042712
8.446260 0.997504 -0.007926 -0.055700 -0.042672
8.459514 0.997505 -0.007939 -0.055720 -0.042617
8.466353 0.997504 -0.007937 -0.055738 -0.042606
8.479648 0.997505 -0.007935 -0.055741 -0.042584
8.486487 0.997506 -0.007915 -0.055726 -0.042577
8.499575 0.997510 -0.007882 -0.055666 -0.042571
8.506213 0.997513 -0.007862 -0.055626 -0.042563
8.519575 0.997517 -0.007866 -0.055582 -0.042527
8.526402 0.997519 -0.007874 -0.055580 -0.042489
8.539559 0.997519 -0.007861 -0.055615 -0.042441
8.546291 0.997518 -0.007874 -0.055638 -0.042436
8.559466 0.997515 -0.007920 -0.055683 -0.042439
8.566206 0.997514 -0.007917 -0.055694 -0.042453
8.572867 0.997513 -0.007914 -0.055697 -0.042467
8.586339 0.997514 -0.007896 -0.055664 -0.042493
8.592858 0.997513 -0.007898 -0.055650 -0.042516
8.606192 0.997514 -0.007889 -0.055608 -0.042565
8.612820 0.997513 -0.007884 -0.055586 -0.042604
8.626283 0.997511 -0.007889 -0.055541 -0.042725
8.632887 0.997509 -0.007884 -0.055533 -0.042785
8.646318 0.997505 -0.007891 -0.055528 -0.042879
8.652867 0.997504 -0.007885 -0.055537 -0.042895
8.666188 0.997504 -0.007875 -0.055540 -0.042883
8.672838 0.997506 -0.007883 -0.055528 -0.042856
8.679419 0.997508 -0.007889 -0.055524 -0.042821
8.692777 0.997510 -0.007906 -0.055521 -0.042759
8.699481 0.997511 -0.007916 -0.055531 -0.042728
8.712765 0.997511 -0.007894 -0.055545 -0.042716
8.726091 0.997512 -0.007875 -0.055551 -0.042694
8.732882 0.997513 -0.007876 -0.055550 -0.042661
8.739500 0.997515 -0.007872 -0.055552 -0.042623
8.752863 0.997517 -0.007871 -0.055558 -0.042557
8.759561 0.997518 -0.007874 -0.055577 -0.042512
8.772778 0.997517 -0.007883 -0.055626 -0.042462
8.779400 0.997516 -0.007880 -0.055649 -0.042458
8.792819 0.997513 -0.007851 -0.055693 -0.042476
8.799363 0.997512 -0.007844 -0.055708 -0.042480
8.812702 0.997513 -0.007835 -0.055706 -0.042460
8.819426 0.997515 -0.007821 -0.055698 -0.042440
8.832866 0.997518 -0.007797 -0.055670 -0.042410
8.839435 0.997519 -0.007804 -0.055663 -0.042390
8.852714 0.997519 -0.007810 -0.055651 -0.042394
8.859364 0.997519 -0.007807 -0.055651 -0.042406
8.866072 0.997518 -0.007794 -0.055647 -0.042421
8.879385 0.997516 -0.007776 -0.055651 -0.042488
8.886038 0.997514 -0.007762 -0.055659 -0.042513
8.899576 0.997513 -0.007761 -0.055664 -0.042542
8.906312 0.997513 -0.007770 -0.055655 -0.042551
8.919698 0.997514 -0.007773 -0.055639 -0.042549
8.926181 0.997514 -0.007789 -0.055631 -0.042560
8.939604 0.997510 -0.007824 -0.055632 -0.042624
8.946249 0.997507 -0.007833 -0.055651 -0.042668
8.959700 0.997503 -0.007816 -0.055668 -0.042753
8.966147 0.997500 -0.007818 -0.055679 -0.042802
8.979444 0.997497 -0.007806 -0.055690 -0.042859
8.986117 0.997496 -0.007809 -0.055692 -0.042877
8.992707 0.997496 -0.007811 -0.055698 -0.042872
9.006076 0.997499 -0.007813 -0.055671 -0.042847
9.012586 0.997500 -0.007834 -0.055662 -0.042831
9.026174 0.997502 -0.007830 -0.055632 -0.042831
9.032766 0.997501 -0.007828 -0.055622 -0.042845
9.046175 0.997502 -0.007818 -0.055616 -0.042851
9.052773 0.997501 -0.007805 -0.055618 -0.042861
9.066201 0.997502 -0.007806 -0.055609 -0.042862
9.079429 0.997501 -0.007786 -0.055625 -0.042857
9.086043 0.997500 -0.007789 -0.055632 -0.042867
9.099507 0.997499 -0.007801 -0.055644 -0.042888
9.106159 0.997498 -0.007799 -0.055646 -0.042896
9.119455 0.997498 -0.007812 -0.055628 -0.042921
9.126072 0.997498 -0.007815 -0.055626 -0.042927
9.139591 0.997499 -0.007807 -0.055611 -0.042927
9.146159 0.997499 -0.007801 -0.055621 -0.042914
9.152680 0.997499 -0.007802 -0.055618 -0.042915
9.165912 0.997500 -0.007776 -0.055591 -0.042925
9.179449 0.997502 -0.007762 -0.055562 -0.042924
9.185931 0.997503 -0.007765 -0.055550 -0.042920
9.199295 0.997503 -0.007789 -0.055545 -0.042925
9.205996 0.997503 -0.007791 -0.055546 -0.042922
9.219387 0.997501 -0.007793 -0.055569 -0.042940
9.225954 0.997499 -0.007807 -0.055578 -0.042963
9.232478 0.997497 -0.007818 -0.055586 -0.042994
9.245918 0.997495 -0.007812 -0.055596 -0.043038
9.252661 0.997494 -0.007819 -0.055596 -0.043048
9.266002 0.997494 -0.007806 -0.055589 -0.043058
9.272574 0.997495 -0.007809 -0.055581 -0.043055
9.285815 0.997496 -0.007779 -0.055597 -0.043020
9.292641 0.997496 -0.007783 -0.055590 -0.043017
9.306119 0.997496 -0.007775 -0.055582 -0.043033
9.312712 0.997497 -0.007763 -0.055572 -0.043036
9.326027 0.997499 -0.007756 -0.055559 -0.043009
9.332713 0.997502 -0.007746 -0.055536 -0.042969
9.346008 0.997508 -0.007743 -0.055504 -0.042865
9.352826 0.997511 -0.007734 -0.055488 -0.042808
9.366033 0.997516 -0.007727 -0.055487 -0.042705
9.372644 0.997518 -0.007726 -0.055490 -0.042652
9.385748 0.997520 -0.007732 -0.055487 -0.042607
9.392470 0.997519 -0.007723 -0.055494 -0.042624
9.399087 0.997518 -0.007703 -0.055491 -0.042652
9.412534 0.997516 -0.007715 -0.055500 -0.042692
9.419337 0.997515 -0.007705 -0.055510 -0.042700
9.432394 0.997515 -0.007702 -0.055519 -0.042693
9.439133 0.997514 -0.007692 -0.055531 -0.042698
9.452452 0.997513 -0.007701 -0.055539 -0.042702
9.459129 0.997512 -0.007695 -0.055550 -0.042708
9.472386 0.997512 -0.007687 -0.055543 -0.042736
9.479206 0.997512 -0.007679 -0.055539 -0.042733
9.492456 0.997516 -0.007681 -0.055515 -0.042664
9.499228 0.997520 -0.007674 -0.055493 -0.042612
9.512455 0.997529 -0.007664 -0.055421 -0.042502
9.519196 0.997533 -0.007644 -0.055365 -0.042468
9.532668 0.997540 -0.007649 -0.055263 -0.042441
9.539351 0.997542 -0.007661 -0.055224 -0.042455
9.552406 0.997542 -0.007671 -0.055178 -0.042509
9.559141 0.997540 -0.007673 -0.055179 -0.042547
9.572314 0.997534 -0.007689 -0.055221 -0.042631
9.585735 0.997526 -0.007705 -0.055297 -0.042709
9.592393 0.997522 -0.007712 -0.055340 -0.042750
9.605703 0.997514 -0.007753 -0.055415 -0.042843
9.612372 0.997510 -0.007763 -0.055451 -0.042883
9.618944 0.997507 -0.007765 -0.055484 -0.042913
9.632330 0.997506 -0.007752 -0.055521 -0.042885
9.639071 0.997507 -0.007751 -0.055530 -0.042839
9.652393 0.997514 -0.007757 -0.055524 -0.042702
9.659130 0.997517 -0.007754 -0.055515 -0.042630
9.672311 0.997523 -0.007745 -0.055489 -0.042522
9.679119 0.997526 -0.007732 -0.055474 -0.042485
9.692298 0.997527 -0.007727 -0.055446 -0.042491
9.699053 0.997526 -0.007722 -0.055434 -0.042524
9.712298 0.997524 -0.007702 -0.055442 -0.042583
9.719080 0.997523 -0.007689 -0.055447 -0.042599
9.732385 0.997523 -0.007684 -0.055448 -0.042597
9.739123 0.997524 -0.007701 -0.055447 -0.042581
9.752485 0.997525 -0.007693 -0.055454 -0.042546
9.765538 0.997522 -0.007687 -0.055493 -0.042561
9.772303 0.997520 -0.007679 -0.055519 -0.042571
9.785690 0.997516 -0.007670 -0.055566 -0.042606
9.799083 0.997514 -0.007659 -0.055604 -0.042616
9.805715 0.997514 -0.007655 -0.055606 -0.042609
9.812335 0.997514 -0.007649 -0.055602 -0.042602
9.825597 0.997516 -0.007653 -0.055582 -0.042585
9.832176 0.997518 -0.007656 -0.055568 -0.042569
9.845573 0.997517 -0.007627 -0.055563 -0.042592
9.852183 0.997517 -0.007627 -0.055559 -0.042607
9.865504 0.997515 -0.007629 -0.055566 -0.042650
9.872246 0.997513 -0.007629 -0.055570 -0.042669
9.885614 0.997512 -0.007648 -0.055565 -0.042712
9.898898 0.997507 -0.007666 -0.055594 -0.042773
9.905483 0.997505 -0.007673 -0.055614 -0.042809
9.912346 0.997503 -0.007686 -0.055626 -0.042840
9.925511 0.997499 -0.007712 -0.055640 -0.042894
9.932211 0.997498 -0.007719 -0.055651 -0.042916
9.945459 0.997496 -0.007718 -0.055652 -0.042959
9.952230 0.997496 -0.007719 -0.055651 -0.042962
9.965449 0.997497 -0.007695 -0.055645 -0.042947
9.978805 0.997497 -0.007696 -0.055653 -0.042939
9.985474 0.997497 -0.007705 -0.055653 -0.042930
9.992212 0.997497 -0.007705 -0.055647 -0.042938
10.005470 0.997499 -0.007711 -0.055634 -0.042900
10.012132 0.997502 -0.007718 -0.055623 -0.042860
10.025419 0.997506 -0.007736 -0.055598 -0.042781
10.032161 0.997509 -0.007727 -0.055590 -0.042731
10.045418 0.997513 -0.007739 -0.055564 -0.042658
10.052163 0.997515 -0.007740 -0.055561 -0.042636
10.065420 0.997514 -0.007720 -0.055565 -0.042649
10.078777 0.997511 -0.007729 -0.055577 -0.042705
10.085486 0.997509 -0.007739 -0.055587 -0.042721
10.098811 0.997508 -0.007740 -0.055604 -0.042730
10.105403 0.997507 -0.007751 -0.055632 -0.042722
10.118978 0.997504 -0.007785 -0.055682 -0.042711
10.125473 0.997502 -0.007796 -0.055709 -0.042714
10.138723 0.997497 -0.007791 -0.055785 -0.042736
10.145448 0.997494 -0.007789 -0.055828 -0.042758
10.158703 0.997489 -0.007804 -0.055898 -0.042784
10.165464 0.997487 -0.007807 -0.055922 -0.042794
10.178712 0.997488 -0.007812 -0.055897 -0.042813
10.185385 0.997488 -0.007815 -0.055875 -0.042836
10.198781 0.997489 -0.007821 -0.055793 -0.042907
10.205388 0.997490 -0.007817 -0.055744 -0.042957
10.218804 0.997492 -0.007803 -0.055614 -0.043079
10.225402 0.997493 -0.007800 -0.055555 -0.043142
10.238790 0.997493 -0.007777 -0.055457 -0.043262
10.245395 0.997494 -0.007777 -0.055418 -0.043298
10.258740 0.997493 -0.007796 -0.055399 -0.043325
10.265408 0.997492 -0.007820 -0.055415 -0.043339
10.278851 0.997487 -0.007846 -0.055500 -0.043332
10.285680 0.997485 -0.007866 -0.055546 -0.043320
10.298785 0.997477 -0.007864 -0.055701 -0.043303
10.305568 0.997474 -0.007856 -0.055773 -0.043276
10.318903 0.997472 -0.007849 -0.055838 -0.043234
10.325482 0.997475 -0.007841 -0.055830 -0.043197
10.338687 0.997481 -0.007829 -0.055786 -0.043109
10.352005 0.997489 -0.007833 -0.055708 -0.043014
10.358793 0.997494 -0.007832 -0.055658 -0.042964
10.372080 0.997506 -0.007801 -0.055531 -0.042855
10.378700 0.997512 -0.007790 -0.055472 -0.042796
10.392129 0.997523 -0.007760 -0.055387 -0.042664
10.398675 0.997527 -0.007753 -0.055362 -0.042599
10.412079 0.997535 -0.007720 -0.055313 -0.042482
10.418942 0.997540 -0.007707 -0.055267 -0.042425
10.432102 0.997552 -0.007697 -0.055106 -0.042365
10.438750 0.997556 -0.007698 -0.055020 -0.042376
10.445674 0.997560 -0.007691 -0.054930 -0.042399
10.458656 0.997566 -0.007667 -0.054770 -0.042471
10.465350 0.997568 -0.007656 -0.054705 -0.042511
10.478719 0.997571 -0.007650 -0.054603 -0.042559
10.485309 0.997573 -0.007644 -0.054568 -0.042564
10.498546 0.997578 -0.007620 -0.054528 -0.042509
10.512041 0.997581 -0.007632 -0.054516 -0.042442
10.518566 0.997582 -0.007647 -0.054512 -0.042422
10.525367 0.997582 -0.007671 -0.054512 -0.042434
10.538685 0.997577 -0.007661 -0.054534 -0.042513
10.545326 0.997573 -0.007667 -0.054556 -0.042577
10.558511 0.997564 -0.007674 -0.054603 -0.042720
10.565205 0.997559 -0.007678 -0.054634 -0.042810
10.578497 0.997549 -0.007680 -0.054703 -0.042941
10.585214 0.997545 -0.007701 -0.054748 -0.042982
10.598490 0.997538 -0.007719 -0.054844 -0.043026
10.605267 0.997534 -0.007740 -0.054896 -0.043046
10.618600 0.997526 -0.007769 -0.054978 -0.043121
10.625273 0.997522 -0.007781 -0.055006 -0.043162
10.638484 0.997518 -0.007800 -0.055004 -0.043251
10.645209 0.997517 -0.007807 -0.054993 -0.043307
10.658497 0.997513 -0.007844 -0.054957 -0.043424
10.671956 0.997511 -0.007853 -0.054934 -0.043508
10.678529 0.997511 -0.007855 -0.054929 -0.043519
10.691825 0.997511 -0.007890 -0.054909 -0.043532
10.698450 0.997511 -0.007896 -0.054903 -0.043527
10.711792 0.997511 -0.007900 -0.054916 -0.043513
10.718436 0.997511 -0.007908 -0.054912 -0.043513
10.731804 0.997511 -0.007920 -0.054898 -0.043537
10.745147 0.997511 -0.007905 -0.054890 -0.043559
10.751828 0.997511 -0.007902 -0.054883 -0.043563
10.765378 0.997511 -0.007897 -0.054867 -0.043579
10.772182 0.997511 -0.007898 -0.054865 -0.043582
10.785393 0.997512 -0.007901 -0.054869 -0.043560
10.798510 0.997513 -0.007879 -0.054898 -0.043497
10.805372 0.997515 -0.007873 -0.054905 -0.043449
10.811972 0.997517 -0.007859 -0.054902 -0.043397
10.825478 0.997524 -0.007833 -0.054870 -0.043283
10.838676 0.997530 -0.007808 -0.054806 -0.043235
10.851764 0.997536 -0.007810 -0.054687 -0.043244
10.858386 0.997538 -0.007798 -0.054621 -0.043282
10.871754 0.997542 -0.007778 -0.054491 -0.043373
10.878365 0.997542 -0.007776 -0.054447 -0.043418
10.891744 0.997542 -0.007779 -0.054427 -0.043450
10.898376 0.997541 -0.007787 -0.054437 -0.043449
10.911796 0.997540 -0.007813 -0.054483 -0.043406
10.925165 0.997534 -0.007843 -0.054598 -0.043393
10.931886 0.997529 -0.007852 -0.054669 -0.043413
10.945184 0.997519 -0.007888 -0.054770 -0.043513
10.952018 0.997514 -0.007893 -0.054800 -0.043605
10.965195 0.997507 -0.007867 -0.054759 -0.043820
10.978498 0.997506 -0.007842 -0.054652 -0.043971
10.985485 0.997508 -0.007839 -0.054574 -0.044022
10.998610 0.997516 -0.007835 -0.054380 -0.044088
11.012065 0.997526 -0.007850 -0.054169 -0.044103
11.018647 0.997533 -0.007845 -0.054052 -0.044108
11.031910 0.997544 -0.007824 -0.053824 -0.044125
11.038647 0.997550 -0.007808 -0.053720 -0.044120
11.051969 0.997560 -0.007769 -0.053555 -0.044099
11.065182 0.997567 -0.007759 -0.053457 -0.044081
11.071710 0.997569 -0.007753 -0.053428 -0.044069
11.085138 0.997571 -0.007760 -0.053393 -0.044066
11.098531 0.997569 -0.007764 -0.053390 -0.044105
11.105201 0.997568 -0.007759 -0.053396 -0.044119
11.118502 0.997569 -0.007723 -0.053380 -0.044133
11.131630 0.997572 -0.007724 -0.053357 -0.044082
11.138434 0.997575 -0.007716 -0.053349 -0.044031
11.151854 0.997580 -0.007700 -0.053348 -0.043921
11.158603 0.997582 -0.007703 -0.053336 -0.043885
11.171769 0.997584 -0.007703 -0.053318 -0.043875
11.178614 0.997583 -0.007706 -0.053316 -0.043896
11.191794 0.997581 -0.007719 -0.053316 -0.043937
11.205043 0.997578 -0.007725 -0.053336 -0.043972
11.211605 0.997577 -0.007733 -0.053351 -0.043979
11.224902 0.997575 -0.007748 -0.053380 -0.043994
11.231520 0.997573 -0.007756 -0.053391 -0.044012
11.244888 0.997569 -0.007782 -0.053417 -0.044081
11.258245 0.997564 -0.007763 -0.053417 -0.044187
11.264988 0.997563 -0.007760 -0.053398 -0.044227
11.278222 0.997565 -0.007746 -0.053388 -0.044211
11.284885 0.997566 -0.007752 -0.053381 -0.044180
11.298195 0.997571 -0.007770 -0.053376 -0.044085
11.311493 0.997575 -0.007800 -0.053371 -0.043988
11.318225 0.997576 -0.007800 -0.053368 -0.043960
11.331507 0.997575 -0.007802 -0.053369 -0.043988
11.338186 0.997574 -0.007791 -0.053370 -0.044013
11.351552 0.997574 -0.007774 -0.053358 -0.044020
11.358176 0.997576 -0.007779 -0.053342 -0.044008
11.371563 0.997580 -0.007776 -0.053310 -0.043959
11.384987 0.997585 -0.007757 -0.053252 -0.043900
11.391518 0.997587 -0.007779 -0.053229 -0.043898
11.405009 0.997588 -0.007794 -0.053169 -0.043928
11.411795 0.997588 -0.007794 -0.053142 -0.043967
11.424946 0.997587 -0.007781 -0.053076 -0.044078
11.431601 0.997586 -0.007777 -0.053043 -0.044131
11.444973 0.997588 -0.007766 -0.052985 -0.044165
11.458281 0.997591 -0.007736 -0.052955 -0.044137
11.464964 0.997592 -0.007729 -0.052955 -0.044106
11.478159 0.997595 -0.007735 -0.052958 -0.044038
11.485006 0.997597 -0.007748 -0.052950 -0.044007
11.498329 0.997598 -0.007746 -0.052936 -0.043992
11.511549 0.997597 -0.007739 -0.052929 -0.044041
11.518278 0.997595 -0.007742 -0.052933 -0.044064
11.531526 0.997591 -0.007735 -0.052968 -0.044124
11.538500 0.997589 -0.007740 -0.052984 -0.044148
11.551593 0.997585 -0.007783 -0.053013 -0.044199
11.564855 0.997580 -0.007818 -0.053038 -0.044277
11.571576 0.997577 -0.007826 -0.053045 -0.044319
11.584819 0.997574 -0.007834 -0.053021 -0.044430
11.598164 0.997571 -0.007823 -0.053015 -0.044499
11.604830 0.997571 -0.007817 -0.053019 -0.044503
11.618188 0.997571 -0.007812 -0.053038 -0.044465
11.625039 0.997573 -0.007811 -0.053044 -0.044428
11.638417 0.997576 -0.007822 -0.053050 -0.044348
11.644929 0.997577 -0.007823 -0.053048 -0.044322
11.658389 0.997579 -0.007845 -0.053020 -0.044303
11.671690 0.997581 -0.007843 -0.052993 -0.044309
11.678294 0.997581 -0.007843 -0.052977 -0.044329
11.691424 0.997579 -0.007859 -0.052990 -0.044348
11.698060 0.997577 -0.007866 -0.053010 -0.044359
11.711351 0.997574 -0.007878 -0.053072 -0.044366
11.718492 0.997571 -0.007885 -0.053103 -0.044382
11.731675 0.997566 -0.007909 -0.053144 -0.044437
11.744793 0.997563 -0.007923 -0.053168 -0.044487
11.751690 0.997561 -0.007928 -0.053177 -0.044509
11.764748 0.997558 -0.007938 -0.053203 -0.044553
11.771401 0.997556 -0.007962 -0.053218 -0.044569
11.784656 0.997554 -0.007975 -0.053243 -0.044583
11.797981 0.997554 -0.007976 -0.053248 -0.044566
11.804954 0.997555 -0.007979 -0.053237 -0.044562
11.818154 0.997558 -0.007973 -0.053235 -0.044513
11.824743 0.997559 -0.007975 -0.053237 -0.044483
11.838121 0.997562 -0.007974 -0.053233 -0.044409
11.851419 0.997564 -0.007976 -0.053243 -0.044361
11.858142 0.997564 -0.007994 -0.053255 -0.044348
11.871303 0.997563 -0.008009 -0.053266 -0.044347
11.878082 0.997563 -0.008011 -0.053264 -0.044353
11.891316 0.997563 -0.007998 -0.053261 -0.044353
11.904615 0.997564 -0.007995 -0.053256 -0.044342
11.911308 0.997564 -0.007994 -0.053261 -0.044336
11.924546 0.997565 -0.007968 -0.053253 -0.044316
11.931387 0.997567 -0.007969 -0.053240 -0.044298
11.944722 0.997570 -0.007967 -0.053246 -0.044230
11.957986 0.997571 -0.007988 -0.053265 -0.044181
11.964672 0.997571 -0.007984 -0.053291 -0.044146
11.978064 0.997569 -0.007999 -0.053367 -0.044085
11.991393 0.997567 -0.008027 -0.053431 -0.044062
11.998056 0.997565 -0.008030 -0.053471 -0.044058
12.011528 0.997560 -0.008025 -0.053545 -0.044084
12.018123 0.997558 -0.008024 -0.053559 -0.044094
12.031611 0.997557 -0.008033 -0.053588 -0.044091
12.038185 0.997557 -0.008027 -0.053594 -0.044088
12.051558 0.997556 -0.008001 -0.053616 -0.044081
12.058069 0.997556 -0.008003 -0.053628 -0.044076
12.071375 0.997554 -0.008014 -0.053665 -0.044074
12.078139 0.997552 -0.008018 -0.053686 -0.044079
12.091481 0.997549 -0.008034 -0.053726 -0.044097
12.098090 0.997548 -0.008033 -0.053747 -0.044106
12.111422 0.997547 -0.008025 -0.053764 -0.044105
12.124800 0.997548 -0.008008 -0.053741 -0.044109
12.131483 0.997549 -0.008000 -0.053728 -0.044105
12.144749 0.997552 -0.007983 -0.053690 -0.044076
12.157951 0.997556 -0.007982 -0.053658 -0.044026
12.164479 0.997559 -0.007982 -0.053638 -0.043994
12.177912 0.997563 -0.007998 -0.053604 -0.043942
12.184679 0.997564 -0.007993 -0.053594 -0.043930
12.197952 0.997564 -0.007986 -0.053590 -0.043937
12.204580 0.997563 -0.007993 -0.053586 -0.043958
12.217998 0.997563 -0.007984 -0.053551 -0.044009
12.231380 0.997564 -0.007989 -0.053511 -0.044040
12.238054 0.997564 -0.007995 -0.053500 -0.044039
12.251306 0.997565 -0.007985 -0.053494 -0.044039
12.257911 0.997565 -0.007982 -0.053505 -0.044016
12.271209 0.997567 -0.007990 -0.053506 -0.043978
12.277923 0.997567 -0.007988 -0.053502 -0.043963
12.291124 0.997568 -0.007984 -0.053506 -0.043959
12.297820 0.997568 -0.007979 -0.053507 -0.043958
12.311228 0.997568 -0.007976 -0.053505 -0.043951
12.324605 0.997568 -0.008006 -0.053498 -0.043949
12.331239 0.997567 -0.008025 -0.053503 -0.043962
12.344445 0.997566 -0.008039 -0.053529 -0.043959
12.357716 0.997565 -0.008042 -0.053541 -0.043954
12.364384 0.997565 -0.008034 -0.053540 -0.043967
12.377776 0.997567 -0.008023 -0.053510 -0.043952
12.384407 0.997568 -0.008020 -0.053505 -0.043936
12.397721 0.997572 -0.008028 -0.053469 -0.043892
12.411018 0.997576 -0.008019 -0.053457 -0.043825
12.417662 0.997577 -0.008017 -0.053449 -0.043800
12.431015 0.997580 -0.008021 -0.053437 -0.043748
12.444397 0.997582 -0.008027 -0.053440 -0.043697
12.451004 0.997583 -0.008035 -0.053443 -0.043673
12.464405 0.997583 -0.008031 -0.053463 -0.043643
12.471211 0.997583 -0.008035 -0.053470 -0.043638
12.484342 0.997584 -0.008028 -0.053463 -0.043623
12.497705 0.997585 -0.008028 -0.053457 -0.043615
12.504376 0.997586 -0.008030 -0.053447 -0.043600
12.517760 0.997588 -0.008023 -0.053419 -0.043602
12.524625 0.997588 -0.008025 -0.053414 -0.043603
12.537835 0.997587 -0.008044 -0.053424 -0.043600
12.544453 0.997586 -0.008049 -0.053426 -0.043614
12.557650 0.997587 -0.008061 -0.053410 -0.043612
12.571153 0.997588 -0.008070 -0.053385 -0.043618
12.577641 0.997589 -0.008069 -0.053377 -0.043618
12.591067 0.997592 -0.008050 -0.053333 -0.043610
12.604583 0.997597 -0.008036 -0.053255 -0.043576
12.611231 0.997600 -0.008025 -0.053227 -0.043554
12.624579 0.997606 -0.008014 -0.053173 -0.043491
12.631223 0.997608 -0.008019 -0.053162 -0.043454
12.644665 0.997611 -0.008001 -0.053150 -0.043405
12.657807 0.997613 -0.007998 -0.053143 -0.043371
12.664474 0.997614 -0.007998 -0.053124 -0.043368
12.677550 0.997615 -0.008004 -0.053094 -0.043375
12.684448 0.997616 -0.008012 -0.053074 -0.043382
12.697665 0.997617 -0.008012 -0.053049 -0.043384
12.704330 0.997616 -0.008010 -0.053062 -0.043383
12.717694 0.997615 -0.008000 -0.053085 -0.043385
12.731114 0.997615 -0.008004 -0.053109 -0.043364
12.744344 0.997613 -0.007988 -0.053126 -0.043385
12.757550 0.997611 -0.007994 -0.053137 -0.043409
12.771003 0.997611 -0.007995 -0.053123 -0.043434
12.777512 0.997611 -0.007999 -0.053116 -0.043438
12.790906 0.997612 -0.007966 -0.053110 -0.043428
12.804307 0.997613 -0.007959 -0.053084 -0.043429
12.811201 0.997613 -0.007973 -0.053087 -0.043434
12.824340 0.997612 -0.007971 -0.053100 -0.043434
12.837505 0.997612 -0.007994 -0.053094 -0.043452
12.850855 0.997612 -0.007998 -0.053079 -0.043469
12.864311 0.997614 -0.007989 -0.053048 -0.043463
12.870950 0.997614 -0.007986 -0.053042 -0.043461
12.884226 0.997614 -0.007979 -0.053034 -0.043465
12.897539 0.997613 -0.007982 -0.053041 -0.043497
12.904151 0.997612 -0.007992 -0.053041 -0.043512
12.917524 0.997610 -0.007995 -0.053032 -0.043558
12.930863 0.997607 -0.007999 -0.053032 -0.043624
12.944209 0.997606 -0.008005 -0.053027 -0.043651
12.950936 0.997606 -0.007995 -0.053036 -0.043644
12.964261 0.997606 -0.007996 -0.053037 -0.043661
12.977425 0.997604 -0.007994 -0.053029 -0.043696
12.984152 0.997603 -0.007989 -0.053021 -0.043733
12.997427 0.997599 -0.008011 -0.052987 -0.043861
13.010824 0.997594 -0.008022 -0.052942 -0.044042
13.017463 0.997591 -0.008023 -0.052908 -0.044138
13.030772 0.997589 -0.008027 -0.052796 -0.044315
13.044112 0.997591 -0.008025 -0.052643 -0.044457
13.057494 0.997599 -0.008009 -0.052438 -0.044522
13.064157 0.997605 -0.008023 -0.052326 -0.044511
13.077391 0.997617 -0.008033 -0.052095 -0.044519
13.090823 0.997627 -0.008037 -0.051869 -0.044551
13.097376 0.997632 -0.008036 -0.051757 -0.044572
13.110768 0.997645 -0.008010 -0.051455 -0.044647
13.124170 0.997660 -0.007986 -0.051075 -0.044742
13.130743 0.997669 -0.007984 -0.050860 -0.044782
13.144178 0.997690 -0.007981 -0.050412 -0.044825
13.157378 0.997711 -0.007978 -0.049968 -0.044858
13.170705 0.997732 -0.007968 -0.049541 -0.044859
13.177402 0.997743 -0.007964 -0.049333 -0.044857
13.190739 0.997762 -0.007922 -0.048969 -0.044834
13.204049 0.997780 -0.007891 -0.048663 -0.044777
13.210662 0.997787 -0.007870 -0.048553 -0.044743
13.224078 0.997798 -0.007873 -0.048399 -0.044656
13.237330 0.997801 -0.007885 -0.048357 -0.044628
13.244027 0.997799 -0.007903 -0.048370 -0.044655
13.257388 0.997791 -0.007918 -0.048432 -0.044772
13.264077 0.997785 -0.007936 -0.048483 -0.044849
13.277407 0.997772 -0.007992 -0.048574 -0.045033
13.290687 0.997755 -0.008033 -0.048686 -0.045273
13.304005 0.997737 -0.008059 -0.048788 -0.045557
13.310688 0.997729 -0.008077 -0.048824 -0.045699
13.324031 0.997713 -0.008107 -0.048854 -0.046000
13.330621 0.997706 -0.008112 -0.048865 -0.046143
13.343953 0.997693 -0.008144 -0.048865 -0.046415
13.357334 0.997683 -0.008177 -0.048866 -0.046622
13.370588 0.997675 -0.008207 -0.048892 -0.046755
13.377393 0.997672 -0.008214 -0.048923 -0.046800
13.390647 0.997666 -0.008200 -0.048989 -0.046846
13.404261 0.997664 -0.008202 -0.049044 -0.046849
13.410614 0.997662 -0.008202 -0.049072 -0.046859
13.424008 0.997659 -0.008196 -0.049091 -0.046906
13.437340 0.997654 -0.008224 -0.049081 -0.047004
13.444038 0.997651 -0.008226 -0.049059 -0.047093
13.457332 0.997641 -0.008230 -0.049007 -0.047352
13.470571 0.997630 -0.008215 -0.048948 -0.047665
13.477218 0.997623 -0.008220 -0.048917 -0.047824
13.490663 0.997611 -0.008222 -0.048882 -0.048125
13.504047 0.997598 -0.008218 -0.048880 -0.048387
13.517378 0.997586 -0.008261 -0.048861 -0.048639
13.530609 0.997576 -0.008287 -0.048833 -0.048873
13.537363 0.997570 -0.008290 -0.048811 -0.049013
13.550558 0.997561 -0.008283 -0.048744 -0.049275
13.563909 0.997557 -0.008269 -0.048632 -0.049470
13.570559 0.997557 -0.008249 -0.048567 -0.049533
13.583909 0.997563 -0.008238 -0.048393 -0.049577
13.597256 0.997575 -0.008224 -0.048207 -0.049530
13.610506 0.997588 -0.008225 -0.047994 -0.049475
13.617390 0.997595 -0.008205 -0.047885 -0.049441
13.630486 0.997608 -0.008171 -0.047639 -0.049410
13.637348 0.997616 -0.008143 -0.047502 -0.049398
13.650487 0.997629 -0.008121 -0.047254 -0.049375
13.663873 0.997638 -0.008115 -0.047090 -0.049355
13.670494 0.997640 -0.008128 -0.047047 -0.049352
13.683946 0.997639 -0.008114 -0.047031 -0.049389
13.697144 0.997636 -0.008103 -0.047057 -0.049413
13.703878 0.997635 -0.008097 -0.047065 -0.049425
13.717279 0.997636 -0.008090 -0.047072 -0.049414
13.723916 0.997636 -0.008083 -0.047077 -0.049409
13.737190 0.997636 -0.008102 -0.047083 -0.049404
13.750438 0.997633 -0.008143 -0.047099 -0.049431
13.757334 0.997631 -0.008143 -0.047100 -0.049465
13.770437 0.997626 -0.008130 -0.047110 -0.049562
13.783831 0.997622 -0.008136 -0.047083 -0.049675
13.790552 0.997620 -0.008115 -0.047080 -0.049717
13.803802 0.997619 -0.008114 -0.047066 -0.049744
13.817178 0.997621 -0.008101 -0.047036 -0.049740
13.824027 0.997622 -0.008101 -0.047011 -0.049740
13.837187 0.997624 -0.008110 -0.046955 -0.049749
13.850430 0.997626 -0.008104 -0.046890 -0.049771
13.857128 0.997628 -0.008093 -0.046845 -0.049779
13.870385 0.997631 -0.008065 -0.046763 -0.049796
13.883732 0.997636 -0.008036 -0.046672 -0.049785
13.890445 0.997638 -0.008030 -0.046632 -0.049787
13.903761 0.997643 -0.008019 -0.046546 -0.049771
13.910447 0.997645 -0.008034 -0.046512 -0.049773
13.923787 0.997648 -0.008026 -0.046439 -0.049772
13.937092 0.997649 -0.008007 -0.046420 -0.049775
13.943710 0.997648 -0.007999 -0.046414 -0.049793
13.957261 0.997647 -0.008018 -0.046428 -0.049814
13.970438 0.997644 -0.008035 -0.046447 -0.049839